SECRET_KEY="[
   51,  23, 187, 145, 253, 198, 210, 181, 228, 223,  60,
   86, 164, 184,  21,  42, 240,  97, 122, 166,  96, 190,
  117,  43, 115,  56,  99, 146, 242, 169, 150,   7, 183,
   56,  20, 107,   7,  88,  88, 197, 112, 232,  35, 172,
  201,  49, 249,  71, 159,  85,  49,  15, 200, 232, 183,
  232,  89, 239,  30,  67, 233,  41, 253, 211
]"

SECRET_KEY1 = "[
  106, 204, 233, 189, 218,  49, 154, 237, 146, 172, 226,
  133, 121, 243,  68, 197,  20, 194, 252, 195, 150, 170,
   30,  57, 218,  35,  13,  83, 247,  87, 229, 164,  91,
  119,  92, 176, 134, 155,   3, 217, 214,  50,   9,  34,
  112,  70, 198, 102, 166, 142, 137, 224,   3, 122,  34,
   62,  69,  92, 244, 131, 160, 216,  48,  45
]"

SECRET_KEY2 = "[
  190, 253, 244, 155, 249,  51, 143,  89, 169,  80, 252,
  144,   8,  42,   1,  44, 254,   4, 233, 208,  17,  14,
  194,   7, 182, 252,  14, 166, 171, 115,  15, 122, 173,
  252,   0, 161,  56, 106,   9, 123, 178, 151,  69, 107,
  120, 171, 102,  91, 204, 255, 165,  56, 232, 163,  55,
  143, 187, 218,  65,  14, 225, 132, 230, 170
]"

RECEIVER_SECRET_KEY = "[
   91, 245, 231,  61, 181, 210,  12, 124, 138,  72,  87,
  159,  62, 198, 211,  69, 132,  66, 171, 183,  72, 136,
  126, 209, 156, 191,  37, 197, 230,  67,  83, 118,   6,
  132,  57, 221, 177, 238,  31,  88, 143,  77,  90,  92,
  107, 144, 106, 102,  40, 193, 115, 217, 232, 245,  19,
  223,   1, 150, 157,  37, 136,  65, 104,  11
]"

UNKNOWN_TOKEN = "FpoYofJjwBjJ89G2tFERqBKnHcJNGYGqjbPkdeNVvCd2"

MULTISIG = "5nxKKjHhgUawgrkgdnKEB77z3TAhHxArr2Q4edSuYfoJ"

MULTISIG_MINT = "J5rnJvVcr58nx9soTNGHFLGqZ5KPwBSBpDcNrmaXDRw8"

RECIPIENT = "Eej3zf2RjHdVM4cCAwYAXwtPjWF1osekus5W3hzaqY9K"

NONCE = "[
   79, 207,  70, 147,  97,  91, 178,  65, 136,  65,  39,
  104, 138, 178, 113, 192,  23,  32,  63, 162,  83, 114,
   98, 235,  76, 132, 170, 147, 161, 211,  24, 179, 223,
   72, 235,  68,   4, 153,   1, 107, 214, 176, 201,  78,
  178,   2,   8, 148,  87, 118,  15, 158,  55, 195,  39,
  217, 216,  53, 201, 210,  79,  61, 177, 195
]"